image_width: 640
image_height: 480
camera_name: narrow_stereo
camera_matrix:
  rows: 3
  cols: 3
  data: [ 381.08203,    0.     ,  313.83401,
            0.     ,  379.81362,  226.18425,
            0.     ,    0.     ,    1.     ]
camera_model: plumb_bob
distortion_coefficients:
  rows: 1
  cols: 5
  data: [-0.346251, 0.097557, 0.003803, 0.001885, 0.000000]
rectification_matrix:
  rows: 3
  cols: 3
  data: [ 1.,  0.,  0.,
          0.,  1.,  0.,
          0.,  0.,  1.]
projection_matrix:
  rows: 3
  cols: 4
  data: [ 274.18848,    0.     ,  317.53611,    0.     ,
            0.     ,  316.51337,  223.33705,    0.     ,
            0.     ,    0.     ,    1.     ,    0.     ]
